0 0.731805 0.353896 0.102137 0.167148 0.736249 0.271116 2 0.729129 0.428324 2 0.742618 0.339728 2
0 0.597656 0.250623 0.092648 0.171830 0.561348 0.202101 2 0.626953 0.284010 2 0.597907 0.234152 2
0 0.652494 0.657496 0.094151 0.161147 0.695563 0.616987 2 0.614934 0.689103 2 0.657001 0.643697 2
0 0.502213 0.464173 0.076593 0.151295 0.520765 0.392157 2 0.489447 0.530138 2 0.514297 0.464173 2
0 0.382727 0.202735 0.085444 0.168240 0.381876 0.121641 2 0.382217 0.280198 2 0.364856 0.190027 2
0 0.246181 0.379321 0.097917 0.151235 0.000000 0.000000 0 0.000000 0.000000 0 0.000000 0.000000 0
0 0.399683 0.339775 0.089221 0.133655 0.000000 0.000000 0 0.000000 0.000000 0 0.000000 0.000000 0
0 0.353034 0.467391 0.093750 0.161836 0.318388 0.400161 2 0.374547 0.528986 2 0.344656 0.465378 2
0 0.562449 0.643653 0.088491 0.160014 0.604953 0.598270 2 0.535672 0.689990 2 0.579894 0.666405 2
0 0.442858 0.657474 0.095923 0.169198 0.488572 0.623501 2 0.401641 0.674127 2 0.440985 0.641487 2
0 0.260332 0.625565 0.096545 0.161096 0.215871 0.614273 2 0.303100 0.630834 2 0.251863 0.612767 2
0 0.347731 0.836678 0.099258 0.193911 0.340641 0.928301 2 0.356185 0.748449 2 0.351003 0.832800 2
0 0.540578 0.885342 0.086546 0.179657 0.511557 0.805648 2 0.561049 0.949834 2 0.543429 0.868758 2
