0 0.731805 0.646104 0.102137 0.167148 0.736249 0.728884 2 0.729129 0.571676 2 0.742618 0.660272 2
0 0.597656 0.749377 0.092648 0.171830 0.561348 0.797899 2 0.626953 0.715990 2 0.597907 0.765848 2
0 0.652494 0.342504 0.094151 0.161147 0.695563 0.383013 2 0.614934 0.310897 2 0.657001 0.356303 2
0 0.502213 0.535827 0.076593 0.151295 0.520765 0.607843 2 0.489447 0.469862 2 0.514297 0.535827 2
0 0.382727 0.797265 0.085444 0.168240 0.381876 0.878359 2 0.382217 0.719802 2 0.364856 0.809973 2
0 0.246181 0.620679 0.097917 0.151235 0.000000 0.000000 0 0.000000 0.000000 0 0.000000 0.000000 0
0 0.399683 0.660225 0.089221 0.133655 0.000000 0.000000 0 0.000000 0.000000 0 0.000000 0.000000 0
0 0.353034 0.532609 0.093750 0.161836 0.318388 0.599839 2 0.374547 0.471014 2 0.344656 0.534622 2
0 0.562449 0.356347 0.088491 0.160014 0.604953 0.401730 2 0.535672 0.310010 2 0.579894 0.333595 2
0 0.442858 0.342526 0.095923 0.169198 0.488572 0.376499 2 0.401641 0.325873 2 0.440985 0.358513 2
0 0.260332 0.374435 0.096545 0.161096 0.215871 0.385727 2 0.303100 0.369166 2 0.251863 0.387233 2
0 0.347731 0.163322 0.099258 0.193911 0.340641 0.071699 2 0.356185 0.251551 2 0.351003 0.167200 2
0 0.540578 0.114658 0.086546 0.179657 0.511557 0.194352 2 0.561049 0.050166 2 0.543429 0.131242 2
