0 0.268195 0.353896 0.102137 0.167148 0.263751 0.271116 2 0.270871 0.428324 2 0.257382 0.339728 2
0 0.402344 0.250623 0.092648 0.171830 0.438652 0.202101 2 0.373047 0.284010 2 0.402093 0.234152 2
0 0.347506 0.657496 0.094151 0.161147 0.304437 0.616987 2 0.385066 0.689103 2 0.342999 0.643697 2
0 0.497787 0.464173 0.076593 0.151295 0.479235 0.392157 2 0.510553 0.530138 2 0.485703 0.464173 2
0 0.617273 0.202735 0.085444 0.168240 0.618124 0.121641 2 0.617783 0.280198 2 0.635144 0.190027 2
0 0.753819 0.379321 0.097917 0.151235 0.000000 0.000000 0 0.000000 0.000000 0 0.000000 0.000000 0
0 0.600317 0.339775 0.089221 0.133655 0.000000 0.000000 0 0.000000 0.000000 0 0.000000 0.000000 0
0 0.646966 0.467391 0.093750 0.161836 0.681612 0.400161 2 0.625453 0.528986 2 0.655344 0.465378 2
0 0.437551 0.643653 0.088491 0.160014 0.395047 0.598270 2 0.464328 0.689990 2 0.420106 0.666405 2
0 0.557142 0.657474 0.095923 0.169198 0.511428 0.623501 2 0.598359 0.674127 2 0.559015 0.641487 2
0 0.739668 0.625565 0.096545 0.161096 0.784129 0.614273 2 0.696900 0.630834 2 0.748137 0.612767 2
0 0.652269 0.836678 0.099258 0.193911 0.659359 0.928301 2 0.643815 0.748449 2 0.648997 0.832800 2
0 0.459422 0.885342 0.086546 0.179657 0.488443 0.805648 2 0.438951 0.949834 2 0.456571 0.868758 2